header:
    particle_object: 'MULTIPLE'
    particle_type: 'MULTIPLE'
data:
  - _index: 1
    particle_object: VelptJCsppMetadataRecoveredDataParticle
    particle_type: velpt_j_cspp_metadata_recovered
    internal_timestamp: 3606762485.111000
    last_character_controller_id: '1'
    day_of_year_number: 107
    fraction_of_day: 9364
    processing_time: '07/18/2014 12:23:14'
    source_file: 'D:\Storage\Programs\OOI\Group 5\Correspondence\07_18_14 sample files\files\11079364.PPB'
    preprocessing_software_version: '1.11'
    start_date: '04/17/2014'
  - _index: 2
    particle_object: VelptJCsppInstrumentRecoveredDataParticle
    particle_type: velpt_j_cspp_instrument_recovered
    internal_timestamp: 3606762485.111000
    profiler_timestamp: 1397773685.1110000610351562
    pressure_depth: 19.3870000000000005
    suspect_timestamp: 1
    speed_of_sound: 1492.4000000000000909
    heading: 102.0000000000000000
    pitch: -0.6000000000000000
    roll: -2.2999999999999998
    velpt_pressure: 18.4729999999999990
    temperature: 10.7300000000000004
    velocity_beam1_m_s: -0.0790000000000000
    velocity_beam2_m_s: 0.1090000000000000
    velocity_beam3_m_s: -0.0990000000000000
    amplitude_beam1: 102
    amplitude_beam2: 104
    amplitude_beam3: 101
  - _index: 3
    particle_object: VelptJCsppInstrumentRecoveredDataParticle
    particle_type: velpt_j_cspp_instrument_recovered
    internal_timestamp: 3606762486.111000
    profiler_timestamp: 1397773686.1110000610351562
    pressure_depth: 19.3870000000000005
    suspect_timestamp: 0
    speed_of_sound: 1492.4000000000000909
    heading: 101.2000000000000028
    pitch: 0.0000000000000000
    roll: -2.5000000000000000
    velpt_pressure: 18.5990000000000002
    temperature: 10.7300000000000004
    velocity_beam1_m_s: -0.1080000000000000
    velocity_beam2_m_s: 0.1710000000000000
    velocity_beam3_m_s: -0.0500000000000000
    amplitude_beam1: 101
    amplitude_beam2: 103
    amplitude_beam3: 100
  - _index: 4
    particle_object: VelptJCsppInstrumentRecoveredDataParticle
    particle_type: velpt_j_cspp_instrument_recovered
    internal_timestamp: 3606762487.111000
    profiler_timestamp: 1397773687.1110000610351562
    pressure_depth: 19.3870000000000005
    suspect_timestamp: 0
    speed_of_sound: 1492.2999999999999545
    heading: 102.0999999999999943
    pitch: 0.0000000000000000
    roll: -2.7999999999999998
    velpt_pressure: 18.7989999999999995
    temperature: 10.7200000000000006
    velocity_beam1_m_s: -0.1070000000000000
    velocity_beam2_m_s: 0.1630000000000000
    velocity_beam3_m_s: 0.0460000000000000
    amplitude_beam1: 101
    amplitude_beam2: 101
    amplitude_beam3: 98