header:
    particle_object: 'MULTIPLE'
    particle_type: 'MULTIPLE'
data:
  - _index: 1
    particle_object: VelptJCsppInstrumentRecoveredDataParticle
    particle_type: velpt_j_cspp_instrument_recovered
    internal_timestamp: 3606762496.111000
    profiler_timestamp: 1397773696.1110000610351562
    pressure_depth: 19.1119999999999983
    suspect_timestamp: 0
    speed_of_sound: 1492.2999999999999545
    heading: 101.5000000000000000
    pitch: -1.0000000000000000
    roll: -2.1000000000000001
    velpt_pressure: 18.4759999999999991
    temperature: 10.6999999999999993
    velocity_beam1_m_s: -0.0580000000000000
    velocity_beam2_m_s: 0.0410000000000000
    velocity_beam3_m_s: -0.1320000000000000
    amplitude_beam1: 103
    amplitude_beam2: 101
    amplitude_beam3: 101
  - _index: 2
    particle_object: VelptJCsppInstrumentRecoveredDataParticle
    particle_type: velpt_j_cspp_instrument_recovered
    internal_timestamp: 3606762497.112000
    profiler_timestamp: 1397773697.1119999885559082
    pressure_depth: 19.1780000000000008
    suspect_timestamp: 0
    speed_of_sound: 1492.2000000000000455
    heading: 101.5999999999999943
    pitch: -0.4000000000000000
    roll: -2.2999999999999998
    velpt_pressure: 18.4630000000000010
    temperature: 10.6899999999999995
    velocity_beam1_m_s: -0.1090000000000000
    velocity_beam2_m_s: 0.0940000000000000
    velocity_beam3_m_s: -0.0890000000000000
    amplitude_beam1: 96
    amplitude_beam2: 102
    amplitude_beam3: 104
  - _index: 3
    particle_object: VelptJCsppInstrumentRecoveredDataParticle
    particle_type: velpt_j_cspp_instrument_recovered
    internal_timestamp: 3606762498.113000
    profiler_timestamp: 1397773698.1129999160766602
    pressure_depth: 19.3649999999999984
    suspect_timestamp: 0
    speed_of_sound: 1492.2000000000000455
    heading: 101.7000000000000028
    pitch: 0.2000000000000000
    roll: -2.7000000000000002
    velpt_pressure: 18.5919999999999987
    temperature: 10.6899999999999995
    velocity_beam1_m_s: -0.1610000000000000
    velocity_beam2_m_s: 0.1190000000000000
    velocity_beam3_m_s: -0.0570000000000000
    amplitude_beam1: 99
    amplitude_beam2: 103
    amplitude_beam3: 97
  - _index: 4
    particle_object: VelptJCsppInstrumentRecoveredDataParticle
    particle_type: velpt_j_cspp_instrument_recovered
    internal_timestamp: 3606762499.112000
    profiler_timestamp: 1397773699.1119999885559082
    pressure_depth: 19.5829999999999984
    suspect_timestamp: 0
    speed_of_sound: 1492.2000000000000455
    heading: 103.4000000000000057
    pitch: 0.3000000000000000
    roll: -3.1000000000000001
    velpt_pressure: 18.8079999999999998
    temperature: 10.6899999999999995
    velocity_beam1_m_s: -0.1430000000000000
    velocity_beam2_m_s: 0.1690000000000000
    velocity_beam3_m_s: 0.0100000000000000
    amplitude_beam1: 101
    amplitude_beam2: 103
    amplitude_beam3: 98