header:
    particle_object: 'MULTIPLE'
    particle_type: 'MULTIPLE'
data:
  - _index: 1
    particle_object: VelptJCsppInstrumentTelemeteredDataParticle
    particle_type: velpt_j_cspp_instrument
    internal_timestamp: 3606762605.112000
    profiler_timestamp: 1397773805.1119999885559082
    pressure_depth: 10.0459999999999994
    suspect_timestamp: 0
    speed_of_sound: 1491.9000000000000909
    heading: 128.0999999999999943
    pitch: 0.8000000000000000
    roll: -1.8999999999999999
    velpt_pressure: 9.4550000000000001
    temperature: 10.6199999999999992
    velocity_beam1_m_s: -0.0960000000000000
    velocity_beam2_m_s: 0.1990000000000000
    velocity_beam3_m_s: -0.1110000000000000
    amplitude_beam1: 124
    amplitude_beam2: 121
    amplitude_beam3: 123
  - _index: 2
    particle_object: VelptJCsppInstrumentTelemeteredDataParticle
    particle_type: velpt_j_cspp_instrument
    internal_timestamp: 3606762615.113000
    profiler_timestamp: 1397773815.1129999160766602
    pressure_depth: 9.3219999999999992
    suspect_timestamp: 0
    speed_of_sound: 1492.0000000000000000
    heading: 125.9000000000000057
    pitch: 0.2000000000000000
    roll: -2.2000000000000002
    velpt_pressure: 8.7400000000000002
    temperature: 10.6300000000000008
    velocity_beam1_m_s: -0.0730000000000000
    velocity_beam2_m_s: 0.1770000000000000
    velocity_beam3_m_s: -0.1290000000000000
    amplitude_beam1: 119
    amplitude_beam2: 125
    amplitude_beam3: 121
  - _index: 3
    particle_object: VelptJCsppInstrumentTelemeteredDataParticle
    particle_type: velpt_j_cspp_instrument
    internal_timestamp: 3606762625.112000
    profiler_timestamp: 1397773825.1119999885559082
    pressure_depth: 8.5690000000000008
    suspect_timestamp: 0
    speed_of_sound: 1492.0999999999999091
    heading: 117.7999999999999972
    pitch: 0.3000000000000000
    roll: -3.0000000000000000
    velpt_pressure: 8.0039999999999996
    temperature: 10.6500000000000004
    velocity_beam1_m_s: -0.0700000000000000
    velocity_beam2_m_s: 0.1840000000000000
    velocity_beam3_m_s: -0.0750000000000000
    amplitude_beam1: 123
    amplitude_beam2: 121
    amplitude_beam3: 123
  - _index: 4
    particle_object: VelptJCsppInstrumentTelemeteredDataParticle
    particle_type: velpt_j_cspp_instrument
    internal_timestamp: 3606762635.114000
    profiler_timestamp: 1397773835.1140000820159912
    pressure_depth: 7.7089999999999996
    suspect_timestamp: 1
    speed_of_sound: 1492.2000000000000455
    heading: 124.4000000000000057
    pitch: 0.6000000000000000
    roll: -2.5000000000000000
    velpt_pressure: 7.1360000000000001
    temperature: 10.6799999999999997
    velocity_beam1_m_s: -0.1320000000000000
    velocity_beam2_m_s: 0.1220000000000000
    velocity_beam3_m_s: -0.1520000000000000
    amplitude_beam1: 122
    amplitude_beam2: 123
    amplitude_beam3: 122