header:
  particle_object: 'MULTIPLE'
  particle_type: 'MULTIPLE'

data:
  - _index: 1
    internal_timestamp: 3599215204.535295
    particle_object: Mopak__stcAccelParserDataParticle
    particle_type: mopak_xx__stc_accel
    mopak_accelx: -0.11263319849967957
    mopak_accely: -0.10597658902406693
    mopak_accelz: -1.02844750881195068
    mopak_ang_ratex: 0.005362034309655428
    mopak_ang_ratey: -0.11837735772132874
    mopak_ang_ratez: -0.12432318180799484
    mopak_magx: 0.20409387350082397
    mopak_magy: 0.23909670114517212
    mopak_magz: 0.46301800012588501
    mopak_timer: 33456
  - _index: 2
    internal_timestamp: 3599215204.635295
    particle_object: Mopak__stcAccelParserDataParticle
    particle_type: mopak_xx__stc_accel
    mopak_accelx: -0.14777204394340515
    mopak_accely: -0.09735019505023956
    mopak_accelz: -1.04502546787261963
    mopak_ang_ratex: -0.028723761439323425    
    mopak_ang_ratey: -0.07545149326324463
    mopak_ang_ratez: -0.11957708001136780
    mopak_magx: 0.20722663402557373
    mopak_magy: 0.23807038366794586
    mopak_magz: 0.45860910415649414
    mopak_timer: 39706
  - _index: 3
    internal_timestamp: 3599215204.735296
    particle_object: Mopak__stcAccelParserDataParticle
    particle_type: mopak_xx__stc_accel
    mopak_accelx: -0.17374579608440399
    mopak_accely: -0.08508212864398956
    mopak_accelz: -1.04762387275695801
    mopak_ang_ratex: -0.06222432851791382
    mopak_ang_ratey: -0.02174278348684311
    mopak_ang_ratez: -0.10541537404060364
    mopak_magx: 0.20872627198696136
    mopak_magy: 0.23530323803424835
    mopak_magz: 0.45763707160949707
    mopak_timer: 45956
