header:
  particle_object: 'MULTIPLE'
  particle_type: 'MULTIPLE'

data:
  - _index: 1
    internal_timestamp: 3595053734.000000
    particle_object: Wfp_eng__stc_imodem_engineeringParserDataParticle
    particle_type: wfp_eng__stc_imodem_engineering
    wfp_timestamp: 1386064934
    wfp_prof_current: 377.2472839355468750
    wfp_prof_voltage: 11.4471998214721680
    wfp_prof_pressure: 0.0000000000000000
  - _index: 2
    internal_timestamp: 3595053738.000000
    particle_object: Wfp_eng__stc_imodem_engineeringParserDataParticle
    particle_type: wfp_eng__stc_imodem_engineering
    wfp_timestamp: 1386064938
    wfp_prof_current: 395.3518066406250000
    wfp_prof_voltage: 11.4272003173828125
    wfp_prof_pressure: 0.0000000000000000

