header:
  particle_object: 'MULTIPLE'
  particle_type: 'MULTIPLE'

data:
  - _index: 1
    internal_timestamp: 3589459202.000000
    particle_object: Vel3dKWfpStcVelocityDataParticle
    particle_type: vel3d_k_wfp_stc_instrument
    date_time_array: [113, 8, 29, 16, 0, 17]
    vel3d_k_cor1: 68
    vel3d_k_beam1: 40
    vel3d_k_cor0: 67
    vel3d_k_beam3: 48
    vel3d_k_beam2: 41
    vel3d_k_beam5: 50
    vel3d_k_soundSpeed: 4368
    vel3d_k_v_scale: 51
    vel3d_k_vel2: 14648
    vel3d_k_vel0: 13620
    vel3d_k_vel1: 14134
    vel3d_k_amp2: 66
    vel3d_k_amp1: 65
    vel3d_k_amp0: 64
    vel3d_k_mag_z: 9508
    vel3d_k_mag_x: 8480
    vel3d_k_mag_y: 8994
    vel3d_k_beams: 38
    vel3d_k_pitch: 5910
    vel3d_k_cor2: 69
    vel3d_k_cells: 39
    vel3d_k_heading: 5396
    vel3d_k_temp_c: 4882
    vel3d_k_roll: 6424
    vel3d_k_beam4: 49
  - _index: 2
    internal_timestamp: 3589459202.500000
    particle_object: Vel3dKWfpStcVelocityDataParticle
    particle_type: vel3d_k_wfp_stc_instrument
    date_time_array: [113, 8, 29, 16, 0, 34]
    vel3d_k_cor1: 132 
    vel3d_k_beam1: 104 
    vel3d_k_cor0: 131 
    vel3d_k_beam3: 112 
    vel3d_k_beam2: 105 
    vel3d_k_beam5: 114 
    vel3d_k_soundSpeed: 20816 
    vel3d_k_v_scale: 115 
    vel3d_k_vel2: 31096 
    vel3d_k_vel0: 30068 
    vel3d_k_vel1: 30582 
    vel3d_k_amp2: 130 
    vel3d_k_amp1: 129 
    vel3d_k_amp0: 128 
    vel3d_k_mag_z: 25956 
    vel3d_k_mag_x: 24928 
    vel3d_k_mag_y: 25442 
    vel3d_k_beams: 102 
    vel3d_k_pitch: 22358 
    vel3d_k_cor2: 133 
    vel3d_k_cells: 103 
    vel3d_k_heading: 21844 
    vel3d_k_temp_c: 21330 
    vel3d_k_roll: 22872 
    vel3d_k_beam4: 113
  - _index: 3
    internal_timestamp: 3589459203.000000
    particle_object: Vel3dKWfpStcVelocityDataParticle
    particle_type: vel3d_k_wfp_stc_instrument
    date_time_array: [113, 8, 29, 16, 0, 51]
    vel3d_k_cor1: 196 
    vel3d_k_beam1: 168 
    vel3d_k_cor0: 195 
    vel3d_k_beam3: 176 
    vel3d_k_beam2: 169 
    vel3d_k_beam5: 178 
    vel3d_k_soundSpeed: 37264 
    vel3d_k_v_scale: -77 
    vel3d_k_vel2: -17992 
    vel3d_k_vel0: -19020 
    vel3d_k_vel1: -18506 
    vel3d_k_amp2: 194 
    vel3d_k_amp1: 193 
    vel3d_k_amp0: 192 
    vel3d_k_mag_z: -23132 
    vel3d_k_mag_x: -24160 
    vel3d_k_mag_y: -23646 
    vel3d_k_beams: 166 
    vel3d_k_pitch: -26730 
    vel3d_k_cor2: 197 
    vel3d_k_cells: 167 
    vel3d_k_heading: 38292 
    vel3d_k_temp_c: -27758 
    vel3d_k_roll: -26216 
    vel3d_k_beam4: 177
  - _index: 4
    internal_timestamp: 3589459202.000000
    particle_object: Vel3dKWfpStcTimeDataParticle
    particle_type: vel3d_k_wfp_stc_metadata
    vel3d_k_time_on: 1380470402
    vel3d_k_time_off: 1380470683
    vel3d_k_number_of_records: 3
