header:
  particle_object: DostaRecoveredDataParticle
  particle_type: dosta_abcdjm_glider_recovered

data:
  - _index: 1
    _new_sequence: False
#    internal_timestamp: '2013-09-05T02:47:18.77789'
    internal_timestamp: 3587337930.181879997
    m_present_time: 1378349130.18188
    m_present_secs_into_mission: 121034
    sci_m_present_time: 1378349130.18188
    sci_m_present_secs_into_mission: 121034
    sci_oxy4_oxygen: 2000.1
    sci_oxy4_saturation: 2000.2
    sci_oxy4_temp: 1000.1
    sci_oxy4_tcphase: 1000.2
    sci_oxy4_rawtemp: 1000.3
    sci_oxy4_calphase: 1000.4
    sci_oxy4_c2rph: 1000.5
    sci_oxy4_c2amp: 1000.6
    sci_oxy4_c1rph: 1000.7
    sci_oxy4_c1amp: 1000.8
    sci_oxy4_timestamp: 1000.9
    sci_water_cond: 1001.1
    sci_water_pressure: 1001.2
    sci_water_temp: 1001.3
  - _index: 2
    _new_sequence: False
#    internal_timestamp: '2013-09-05T02:47:18.77789'
    internal_timestamp: 3587338016.283390045
    m_present_time: 1378349216.28339
    m_present_secs_into_mission: 121121
    sci_m_present_time: 1378349216.28339
    sci_m_present_secs_into_mission: 121121
    sci_oxy4_oxygen: 2000.1
    sci_oxy4_saturation: 2000.2
    sci_oxy4_temp: 1000.1
    sci_oxy4_tcphase: 1000.2
    sci_oxy4_rawtemp: 1000.3
    sci_oxy4_calphase: 1000.4
    sci_oxy4_c2rph: 1000.5
    sci_oxy4_c2amp: 1000.6
    sci_oxy4_c1rph: 1000.7
    sci_oxy4_c1amp: 1000.8
    sci_oxy4_timestamp: 1000.9
    sci_water_cond: 1001.1
    sci_water_pressure: 1001.2
    sci_water_temp: 1001.3
  - _index: 3
    _new_sequence: False
#    internal_timestamp: '2013-09-05T02:47:18.77789'
    internal_timestamp: 3587338021.016940117 
    m_present_time: 1378349221.01694
    m_present_secs_into_mission: 121125
    sci_m_present_time: 1378349221.01694
    sci_m_present_secs_into_mission: 121125
    sci_oxy4_oxygen: 2000.1
    sci_oxy4_saturation: 2000.2
    sci_oxy4_temp: 1000.1
    sci_oxy4_tcphase: 1000.2
    sci_oxy4_rawtemp: 1000.3
    sci_oxy4_calphase: 1000.4
    sci_oxy4_c2rph: 1000.5
    sci_oxy4_c2amp: 1000.6
    sci_oxy4_c1rph: 1000.7
    sci_oxy4_c1amp: 1000.8
    sci_oxy4_timestamp: 1000.9
    sci_water_cond: 1001.1
    sci_water_pressure: 1001.2
    sci_water_temp: 1001.3
