header:
  particle_object: Parad_k_stc_imodemParserDataParticle
  particle_type: parad_k__stc_imodem_instrument

data:
  - _index: 1
    internal_timestamp: 3595053725.000000
    wfp_timestamp: 1386064925
    par_val_v: 0.0
  - _index: 2
    internal_timestamp: 3595053729.000000
    wfp_timestamp: 1386064929
    par_val_v: 0.0
  - _index: 3
    internal_timestamp: 3595053734.000000
    wfp_timestamp: 1386064934
    par_val_v: 0.0000000000000000
  - _index: 4
    internal_timestamp: 3595053738.000000
    wfp_timestamp: 1386064938
    par_val_v: 0.0000000000000000
