# Expected Results

header:
  particle_object: ParadTelemeteredDataParticle
  particle_type: parad_m_glider_instrument

data:
  - _index: 1
    internal_timestamp: '2012-02-21T18:42:03.943940Z'
    m_present_time: 1329849723.94394
    m_present_secs_into_mission: 154.944
    sci_m_present_time: 1329849723.94394
    sci_m_present_secs_into_mission: 154.944
    sci_bsipar_par: 645.569
  - _index: 2
    internal_timestamp: '2012-02-21T18:42:05.085750Z'
    m_present_time: 1329849725.08575
    m_present_secs_into_mission: 156.086
    sci_m_present_time: 1329849725.08575
    sci_m_present_secs_into_mission: 156.086
    sci_bsipar_par: 605.209
  - _index: 3
    internal_timestamp: '2012-02-21T18:42:06.168370Z'
    m_present_time: 1329849726.16837
    m_present_secs_into_mission: 157.168
    sci_m_present_time: 1329849726.16837
    sci_m_present_secs_into_mission: 157.168
    sci_bsipar_par: 633.461
