# Expected Results

header:
  particle_object: ParadRecoveredDataParticle
  particle_type: parad_m_glider_recovered

data:
  - _index: 1
    internal_timestamp: '2012-02-21T18:42:03.943940Z'
    m_present_time: 1329849723.94394
    m_present_secs_into_mission: 154.944
    sci_m_present_time: 1329849723.94394
    sci_m_present_secs_into_mission: 154.944
    sci_bsipar_par: 645.569
    sci_bsipar_sensor_volts: 0.390792
    sci_bsipar_supply_volts: 10.572
    sci_bsipar_temp: 10.25
  - _index: 2
    internal_timestamp: '2012-02-21T18:42:05.085750Z'
    m_present_time: 1329849725.08575
    m_present_secs_into_mission: 156.086
    sci_m_present_time: 1329849725.08575
    sci_m_present_secs_into_mission: 156.086
    sci_bsipar_par: 605.209
    sci_bsipar_sensor_volts: 0.366992
    sci_bsipar_supply_volts: 10.551
    sci_bsipar_temp: 10.25
  - _index: 3
    internal_timestamp: '2012-02-21T18:42:06.168370Z'
    m_present_time: 1329849726.16837
    m_present_secs_into_mission: 157.168
    sci_m_present_time: 1329849726.16837
    sci_m_present_secs_into_mission: 157.168
    sci_bsipar_par: 633.461
    sci_bsipar_sensor_volts: 0.383652
    sci_bsipar_supply_volts: 10.572
    sci_bsipar_temp: 10.25
