header:
    particle_object: 'MULTIPLE'
    particle_type: 'MULTIPLE'
data:
  - _index: 1
    particle_object: WcHmrEngRecoveredDataParticle
    particle_type: cspp_eng_cspp_wc_hmr_eng_recovered
    internal_timestamp: 3606762323.148000
    profiler_timestamp: 1397773523.1480000019073486
    pressure_depth: 0.5600000000000001
    suspect_timestamp: 0
    heading: 145.6999999999999886
    pitch: 4.2000000000000002
    roll: 5.0999999999999996
  - _index: 2
    particle_object: WcHmrEngRecoveredDataParticle
    particle_type: cspp_eng_cspp_wc_hmr_eng_recovered
    internal_timestamp: 3606762323.251000
    profiler_timestamp: 1397773523.2509999275207520
    pressure_depth: 0.5590000000000001
    suspect_timestamp: 0
    heading: 143.3000000000000114
    pitch: 8.5999999999999996
    roll: 5.7000000000000002
  - _index: 3
    particle_object: WcHmrEngRecoveredDataParticle
    particle_type: cspp_eng_cspp_wc_hmr_eng_recovered
    internal_timestamp: 3606762323.359000
    profiler_timestamp: 1397773523.3589999675750732
    pressure_depth: 0.5460000000000000
    suspect_timestamp: 0
    heading: 140.9000000000000057
    pitch: 12.1999999999999993
    roll: 5.5999999999999996
  - _index: 4
    particle_object: WcHmrEngRecoveredDataParticle
    particle_type: cspp_eng_cspp_wc_hmr_eng_recovered
    internal_timestamp: 3606762323.480000
    profiler_timestamp: 1397773523.4800000190734863
    pressure_depth: 0.5290000000000000
    suspect_timestamp: 0
    heading: 138.9000000000000057
    pitch: 14.6999999999999993
    roll: 4.7999999999999998
