header:
    particle_object: 'MULTIPLE'
    particle_type: 'MULTIPLE'

data:
  - _index: 1
    internal_timestamp: 3603723533.0
    particle_object: MopakODclAccelParserDataParticle
    particle_type: mopak_o_dcl_accel
    mopak_accelx: 0.65947556495666503906
    mopak_accely: 0.68376755714416503906
    mopak_accelz: 0.30755954980850219727
    mopak_ang_ratex: -0.00062712060753256083
    mopak_ang_ratey: -0.00361126149073243141
    mopak_ang_ratez: 0.00181507016532123089
    mopak_magx: -0.49195319414138793945
    mopak_magy: -0.09715759754180908203
    mopak_magz: -0.24980238080024719238
    mopak_timer: 11903336
  - _index: 2
    internal_timestamp: 3603723533.0999999
    particle_object: MopakODclAccelParserDataParticle
    particle_type: mopak_o_dcl_accel
    mopak_accelx: 0.66078400611877441406
    mopak_accely: 0.68421334028244018555
    mopak_accelz: 0.30875751376152038574
    mopak_ang_ratex: -0.00027990405214950442
    mopak_ang_ratey: -0.00088772259186953306
    mopak_ang_ratez: 0.00175165978725999594
    mopak_magx: -0.49221956729888916016
    mopak_magy: -0.09714718908071517944
    mopak_magz: -0.25092640519142150879
    mopak_timer: 11909586
  - _index: 3
    internal_timestamp: 3603723561.599999
    particle_object: MopakODclRateParserDataParticle
    particle_type: mopak_o_dcl_rate
    mopak_roll: -1.99457669258117675781
    mopak_pitch: 0.72876805067062377930
    mopak_yaw: 2.48233985900878906250
    mopak_ang_ratex: -0.00052389362826943398
    mopak_ang_ratey: -0.00206535728648304939
    mopak_ang_ratez: 0.00140886835288256407
    mopak_timer: 13690836
  - _index: 4
    internal_timestamp: 3603723561.699999
    particle_object: MopakODclRateParserDataParticle
    particle_type: mopak_o_dcl_rate
    mopak_roll: -1.99428188800811767578
    mopak_pitch: 0.72879821062088012695
    mopak_yaw: 2.48234844207763671875
    mopak_ang_ratex: 0.00124522869009524584
    mopak_ang_ratey: -0.00188664346933364868
    mopak_ang_ratez: 0.00598210329189896584
    mopak_timer: 13697086
  - _index: 5
    internal_timestamp: 3603723561.80
    particle_object: MopakODclRateParserDataParticle
    particle_type: mopak_o_dcl_rate
    mopak_roll: -1.99425637722015380859
    mopak_pitch: 0.72871851921081542969
    mopak_yaw: 2.48237371444702148438
    mopak_ang_ratex: -0.00046862085582688451
    mopak_ang_ratey: -0.00042538373963907361
    mopak_ang_ratez: 0.00203492515720427036
    mopak_timer: 13703336
  - _index: 6
    internal_timestamp: 3603723561.90
    particle_object: MopakODclRateParserDataParticle
    particle_type: mopak_o_dcl_rate
    mopak_roll: -1.99432933330535888672
    mopak_pitch: 0.72866994142532348633
    mopak_yaw: 2.48243284225463867188
    mopak_ang_ratex: -0.00161150586791336536
    mopak_ang_ratey: -0.00097741128411144018
    mopak_ang_ratez: 0.00072929129237309098
    mopak_timer: 13709586

