header:
  particle_object: 'MULTIPLE'
  particle_type: 'MULTIPLE'

data:
  - _index: 1
    internal_timestamp: 3599215204.40
    particle_object: MopakODclAccelParserDataParticle
    particle_type: mopak_o_dcl_accel
    mopak_accelx: -0.18110926449298859
    mopak_accely: -0.06729333102703094
    mopak_accelz: -1.05508661270141602
    mopak_ang_ratex: -0.13846822082996368
    mopak_ang_ratey: 0.08277352899312973
    mopak_ang_ratez: -0.11870726197957993
    mopak_magx: 0.20529596507549286
    mopak_magy: 0.22539684176445007
    mopak_magz: 0.45779955387115479
    mopak_timer: 58456
  - _index: 2
    internal_timestamp: 3599218804.0
    particle_object: MopakODclAccelParserDataParticle
    particle_type: mopak_o_dcl_accel
    mopak_accelx: -0.16807769238948822
    mopak_accely: -0.05137142911553383
    mopak_accelz: -1.03966104984283447
    mopak_ang_ratex: -0.15566043555736542
    mopak_ang_ratey: 0.13492466509342194
    mopak_ang_ratez: -0.12306535989046097
    mopak_magx: 0.20101028680801392
    mopak_magy: 0.21875293552875519
    mopak_magz: 0.45999550819396973
    mopak_timer: 64706
  - _index: 3
    internal_timestamp: 3599218804.099999
    particle_object: MopakODclAccelParserDataParticle
    particle_type: mopak_o_dcl_accel
    mopak_accelx: -0.14480289816856384
    mopak_accely: -0.05506880581378937
    mopak_accelz: -1.05796849727630615
    mopak_ang_ratex: -0.21189689636230469
    mopak_ang_ratey: 0.17985758185386658
    mopak_ang_ratez: -0.09553355723619461
    mopak_magx: 0.19317100942134857
    mopak_magy: 0.21114106476306915
    mopak_magz: 0.46376872062683105
    mopak_timer: 70956
